6.472935
5.504509
6.351261
5.440485
5.431877
5.654768
4.397748
5.905884
4.805073
3.884397
3.952768
3.658168
3.472307
4.93876
5.428504
3.981737
3.653536
4.745188
5.782018
4.8651
6.29098
4.776727
6.435773
6.251105
4.137391
4.461149
5.29663
4.122227
5.944088
5.076566
4.155399
4.623027
6.102768
5.273324
4.666156
5.162754
4.426528
4.769435
4.372963
6.10022
5.08498
6.211092
5.263807
5.189613
5.931729
5.231773
7.351233
7.075332
7.642923
6.136011
7.218762
7.785663
8.966966
6.174612
7.224201
6.61503
7.300236
8.338546
7.73293
6.777741
4.652935
5.96824
8.393826
5.735065
9.400755
9.065291
3.336985
6.96137
8.201001
10.092613
7.352065
9.394535
8.593656
9.683384
7.192314
5.759747
8.272519
8.309915
7.970555
7.585243
6.341668
7.719952
8.172956
11.082954
8.856279
8.994088
5.29631
9.126372
7.684064
9.215068
7.054241
8.20709
8.57899
10.194318
5.085874
7.170564
8.920571
6.042999
5.640793
7.354944
5.080444
6.33861
5.674966
5.050784
4.662074
4.775788
4.45228
4.57749
5.64374
5.031222
4.335228
4.929913
5.069672
5.276676
6.019217
5.146462
5.486538
6.375015
6.383355
7.283455
5.139735
6.397445
6.481836
6.172114
5.032143
7.448241
5.475103
5.250667
7.170503
5.191405
5.352957
6.037836
4.964888
5.616561
5.397948
4.828604
4.367035
7.192481
5.594636
5.644331
4.528851
4.753022
4.909976
6.282829
5.041007
4.747742
5.01431
5.645148
3.864012
5.258113
4.677838
4.059935
5.47999
4.334527
4.68908
5.28575
5.977916
5.058833
8.129852
5.791531
4.722002
5.778061
5.481426
4.249734
4.529968
5.776965
3.981559
5.766679
5.328926
4.972359
4.235111
5.2432
5.878022
4.821852
5.031629
5.08228
4.554798
5.567495
6.546502
5.01781
5.599804
6.009888
5.275511
5.616851
6.069992
5.51877
8.286288
5.730501
6.53544
7.853877
5.557701
6.610242
5.036967
6.181301
6.491517
8.471025
6.437691
7.583394
8.971938
8.484235
5.341651
9.138257
2.968386
7.876954
8.474537
7.367355
10.262884
8.679085
8.405572
7.131052
7.285957
8.822436
8.744438
8.081702
7.921106
10.114011
6.983406
7.359551
4.753773
7.37764
6.683137
10.526087
8.208171
8.952423
9.50104
8.38962
10.564793
5.424638
7.913691
8.011214
8.865755
11.518387
10.822156
5.416212
5.672325
5.802572
4.420439
7.836714
5.961247
8.281238
5.231891
4.363215
4.649738
5.30185
4.288886
4.137471
3.950117
3.838224
4.485563
4.422332
4.758604
5.499202
4.593614
4.261802
5.834922
5.843649
6.264633
5.863318
5.424034
6.246769
6.445765
5.768369
5.644556
8.306717
5.636259
5.981904
5.714494
7.039975
7.897258
6.894455
6.930532
4.509918
5.598746
5.879259
4.933831
5.896985
5.491365
5.200408
5.708653
5.722257
6.566634
5.710616
5.799272
5.684602
5.893418
4.769341
4.036683
5.451344
4.556656
3.748766
5.960476
3.563716
5.622728
3.614574
4.796815
6.196049
5.693625
5.204836
6.516831
4.322519
4.978386
3.644901
6.173497
5.046495
6.500963
5.302918
4.367755
3.239757
4.855793
4.408482
5.400067
5.263426
5.453637
4.053844
4.513464
4.415267
5.204021
4.189187
5.956241
3.896667
5.197626
4.43016
5.937397
5.794898
6.239892
5.721044
6.001217
6.020854
5.45339
6.703518
6.351801
7.315036
7.620773
5.419829
6.47171
9.024492
6.324581
7.268072
5.013013
6.3353
7.837763
6.766955
6.875568
4.274104
3.995929
5.391532
8.490301
9.718678
6.871889
7.771083
8.103834
7.052409
9.520225
9.218244
9.595515
6.812446
8.456844
10.253263
7.281957
9.224163
10.384786
10.529688
10.978745
10.973279
7.791272
3.642746
10.350358
9.388903
7.359873
8.584656
9.851546
6.756085
10.157309
8.291669
7.463463
6.276151
6.325116
5.757549
4.867907
6.136784
5.604868
4.58529
4.834129
3.84052
3.80982
4.179058
3.981902
4.356352
5.349571
4.986755
5.611808
4.896609
6.014281
4.749353
4.799947
6.803133
7.720668
5.502768
5.2298
7.561078
7.820382
5.505047
4.80762
7.504908
6.999422
5.317608
5.151549
5.67729
6.51365
5.944708
4.49619
5.77458
6.07774
6.189477
5.559902
5.920047
4.877847
6.205496
6.937372
4.833164
4.615486
5.269626
5.574889
5.512632
4.797749
5.234532
4.082875
5.526844
5.45468
5.056898
5.215593
4.154799
6.436558
6.174789
4.86304
4.448487
5.336877
5.785387
3.684924
4.791193
3.125976
4.290156
3.842689
4.132507
4.403436
8.039012
5.093666
4.071662
4.455319
4.346018
4.718644
5.378343
5.153371
5.26543
4.96806
4.132635
0.540936
3.909971
4.977835
5.62719
5.58379
6.148333
6.168203
6.084427
6.503813
5.836737
9.149051
8.078555
7.224651
7.307995
6.892658
7.238966
3.98702
3.87962
6.033038
5.728679
3.801825
8.067579
8.156757
12.956871
5.474986
9.674376
7.706222
8.755008
7.76569
7.174014
5.36176
5.8128
7.745744
8.400908
13.346604
8.261082
8.712489
9.386776
12.329394
6.17755
8.981997
9.75837
11.541152
8.333167
9.778931
11.760898
8.501743
10.702031
6.265851
6.64294
8.637157
4.37646
7.815247
5.104668
9.352328
6.14156
8.562361
6.965467
5.666094
6.47385
5.747225
5.424197
6.35395
4.927126
4.817379
5.33999
4.694196
3.492467
4.962783
4.29513
5.428524
5.945091
3.819181
4.430874
4.49334
4.949587
5.538113
5.601961
5.677801
4.715602
6.299036
6.759825
5.802101
6.540536
6.837348
5.945255
5.270428
4.974562
4.837764
6.588884
5.3301
7.365074
5.005376
5.453352
4.386713
5.434243
5.268541
6.068787
6.962406
4.639775
4.667354
5.794645
5.439733
6.037148
5.755891
4.979476
6.531026
3.567648
5.484051
4.627405
3.922648
4.734857
5.61529
4.517645
5.021011
5.402091
5.765149
4.965323
5.750263
5.785963
5.579535
4.916919
5.083232
3.779523
3.043932
4.188559
3.58659
4.252191
3.476613
4.926679
3.875875
4.458981
3.872969
4.868002
4.146761
4.964237
4.090835
4.424736
4.266556
4.163276
5.769281
5.453934
4.139382
5.540197
5.554781
5.199601
6.193955
6.979626
6.166801
7.05024
7.304221
6.023263
6.594366
6.360539
6.473784
7.369271
6.909244
6.081918
8.321302
5.495122
6.343849
4.362846
7.957224
8.376253
4.592818
7.308744
8.408573
8.737694
7.394523
5.728797
7.526189
6.879621
3.645775
7.579782
6.267006
12.399052
10.330566
6.281446
10.723712
8.207114
10.749537
10.413453
9.237083
9.741825
9.753689
6.670123
10.463778
4.531354
6.404398
9.920263
5.56743
4.748164
5.003222
4.610532
9.660692
5.662198
2.805414
6.574446
4.470731
6.317992
6.847534
5.92492
8.070017
9.943789
6.987262
6.376788
7.31392
5.988761
5.87358
5.73105
6.463804
7.647206
7.984619
6.596778
6.525408
6.744143
8.084872
7.703155
6.589809
6.3
6.894962
6.30758
7.798559
6.493289
6.033534
5.433949
7.181532
6.103153
7.054309
5.569661
8.873795
5.721477
6.4993
4.51271
6.511528
5.634347
6.664452
5.371889
6.938637
5.878355
5.939748
5.546518
6.565772
6.007013
5.775183
5.507315
6.620593
6.970068
6.086692
6.191206
6.486037
6.4243
6.971252
7.134429
5.668053
5.233567
6.442733
6.944208
5.228788
3.319151
4.947609
5.088116
6.39992
5.705261
6.624589
6.456099
6.489268
6.060678
5.210833
5.784866
6.40029
4.895314
5.420354
5.432275
5.427979
7.164336
7.066954
6.846805
7.298078
6.744614
2.905631
6.153623
7.601218
7.09702
6.927051
7.3968
6.37326
6.067531
6.912275
5.852391
6.890131
5.650337
5.846324
7.669215
7.433183
7.273382
5.585963
6.199052
5.881707
7.14234
11.592142
6.358503
6.992937
4.428816
8.000259
6.928254
5.733735
7.610076
6.04891
8.488691
11.116435
8.304717
12.605599
9.076212
8.186479
8.812183
12.260479
6.338025
5.572093
11.065671
9.6286
8.445451
10.295947
7.821231
8.804167
9.453457
9.468197
9.581216
11.2727
8.296205
5.072267
5.629035
3.281451
6.163771
9.119111
7.05053
8.697445
9.211278
6.894932
7.869439
9.343035
7.751408
6.525949
8.617694
9.325593
5.55878
7.306949
7.983532
8.44133
7.456468
5.232923
6.220397
8.152885
8.969618
9.353683
6.876217
7.685284
7.163626
7.674036
6.544754
6.823889
6.694908
5.913944
7.338628
6.083199
6.302958
5.54201
7.873286
4.269024
5.444387
5.330424
5.392905
6.777053
6.086463
8.021458
6.684898
6.120872
5.733693
6.288487
6.576461
5.483376
3.780652
7.294732
5.201897
4.704189
6.159822
5.46543
8.229847
7.236519
5.979882
6.601548
4.408584
6.819105
7.29945
6.267037
4.871962
7.470353
7.110948
7.47425
5.306346
6.016133
7.329706
5.331367
7.29153
6.923638
6.590557
5.673183
4.540294
6.621394
7.159132
7.355866
8.320166
7.985895
5.989944
7.232346
5.936872
6.102512
5.049927
8.466565
8.637048
8.714142
8.591276
8.074038
11.221185
7.193387
9.291013
7.102919
8.387469
7.583939
6.759215
6.194144
6.519222
9.787512
9.970363
8.037319
7.825212
7.664828
10.666175
9.637473
9.096934
5.752275
9.586717
11.71508
7.405266
8.272157
11.414686
8.29225
10.704461
9.25853
9.076377
8.353532
6.585703
9.204042
9.819367
10.807073
5.524625
5.332876
8.34612
8.979668
9.564942
7.988371
8.345551
8.081717
7.950356
9.54212
9.237363
6.463235
6.098999
7.223909
5.882526
8.911461
5.689775
5.991442
6.138822
4.807917
4.400746
4.101527
5.075267
5.167796
3.894914
4.453729
5.014147
5.130342
5.0248
4.528769
5.114985
5.252267
4.071466
5.352253
5.559279
4.877896
5.891892
7.476074
4.57285
5.397101
6.165577
5.81305
6.410467
5.90716
6.567818
5.895384
7.633668
6.559848
5.121144
5.334823
5.596194
5.784218
5.985377
5.041337
4.641452
6.473979
5.04283
4.655574
5.342402
4.918063
4.78479
4.745502
5.479648
6.585588
4.392093
4.017379
4.936954
3.895469
3.788922
5.296171
6.045658
5.604332
4.714359
6.111702
4.693405
5.341976
5.999202
5.18403
4.009407
5.42143
5.842633
4.891553
3.667449
5.267563
5.519423
4.890012
4.824382
4.21357
4.339389
4.269157
3.906361
4.928199
5.215009
4.847593
5.319215
5.799231
5.511569
6.176016
5.912678
5.995577
5.17826
6.02572
7.371557
7.273537
7.507949
6.606965
6.784171
5.973606
7.290941
6.968422
8.960233
6.130711
8.067165
5.953373
7.892323
6.802106
3.995209
4.197721
7.67552
8.011229
5.626809
7.862299
6.726293
4.657122
8.312437
7.214663
5.205474
7.127828
10.403342
6.173988
8.638439
9.264801
9.298064
9.510007
8.210896
6.548407
8.706193
9.034442
7.89172
5.208183
9.346483
7.85126
8.763569
8.71212
6.09235
8.619338
9.458104
11.689121
8.055908
5.515921
8.43219
8.956182
7.891499
8.336648
6.681305
5.955713
5.905977
4.917152
3.876215
4.37819
3.910873
4.589291
4.074492
4.524835
4.630498
4.795641
6.653206
5.123568
3.776273
4.92089
4.117832
5.52691
5.86217
3.476665
5.906965
7.670402
5.709108
5.699016
6.60966
6.481348
6.017379
7.135185
4.964605
5.742195
7.735113
5.531408
7.201825
4.616822
6.856656
8.795645
5.635911
6.509789
6.034936
5.268739
5.844787
5.729298
5.29974
5.426941
4.053649
5.477417
5.595318
4.79788
5.245869
3.71656
3.187603
3.354864
4.342393
4.448874
5.181813
5.578696
6.082057
5.812806
5.252224
6.201189
4.398282
4.376335
4.404393
4.209662
4.78778
4.977133
5.071042
5.516806
4.33547
6.332141
5.80537
3.464267
5.254105
4.237501
4.459679
5.161801
5.352449
4.723238
3.242991
5.497261
5.754494
5.65072
4.38305
5.308003
4.888284
6.547267
6.961236
7.006672
7.019116
6.040941
6.414315
6.894842
8.249505
6.086769
8.241098
7.25193
8.067566
6.844731
6.923677
7.443659
6.771404
3.994613
4.562998
8.022145
4.168215
5.338033
8.782541
10.156736
6.287835
8.544822
9.141835
6.267711
10.341796
9.526837
7.743636
9.487486
5.197726
7.954926
8.854544
9.115374
7.287375
6.405223
7.494073
8.778874
12.655978
7.760373
7.703501
10.175712
10.59246
8.775166
8.638816
8.88619
6.811362
7.409354
8.25749
6.356074
6.376188
9.647956
7.020925
8.180091
7.268645
5.68332
5.726442
6.148473
5.987117
5.532659
4.909204
4.484713
4.757133
3.722637
5.723769
5.042493
5.313181
4.660679
6.551115
5.222001
4.017209
5.532042
5.273296
7.838741
6.065817
6.934851
7.404214
6.863626
7.170353
7.175034
6.827451
6.837679
5.505469
5.791282
6.883927
6.710764
7.545764
5.042567
5.763976
4.505332
6.962426
5.724567
5.49284
5.177027
4.879694
5.806544
4.993154
5.2924
5.384162
5.468766
4.314471
4.779238
4.900445
4.677066
5.258826
6.249242
4.048008
5.122682
4.19319
4.732062
6.063279
3.605793
4.013641
4.553916
5.078032
4.750386
4.641706
4.376681
5.240458
4.751106
5.683467
6.179582
5.32448
4.066756
4.645912
4.567948
4.675774
4.228293
4.153122
4.262045
6.12147
5.155919
5.650475
5.363836
6.141839
6.584186
6.045628
6.058167
6.902352
5.225981
6.486283
6.850708
5.934342
6.705615
6.256588
6.208598
7.090941
8.021534
6.943674
8.687351
8.260946
8.437483
7.971182
6.76884
8.628213
4.671962
7.476152
7.335238
9.357525
6.890593
7.164318
5.314885
6.635963
4.710025
7.901208
11.434394
7.187128
5.57545
10.024581
11.08273
10.921008
9.439683
8.694947
8.473446
4.781209
7.380928
5.0985
5.109474
10.905718
9.708177
7.684835
4.992244
8.890573
6.533791
11.588416
9.739344
8.417687
5.907222
8.734317
3.84675
6.594532
8.506836
6.623828
7.372966
5.105139
6.598803
5.577391
4.368384
5.237459
4.641564
4.307301
4.263037
3.80873
4.431441
3.966711
5.932417
4.690873
5.48139
5.261091
4.820992
5.286605
5.247188
6.492453
6.091211
5.575411
7.221831
6.433586
5.511825
5.504337
6.669528
5.431709
6.364403
6.785862
6.04594
5.672096
6.15984
5.020546
5.859541
6.182878
5.325212
5.598628
6.077996
4.974111
5.32948
4.978826
6.166962
6.501322
5.804599
4.89398
4.582241
5.987312
4.076968
4.799393
4.702355
4.660281
3.77452
4.107588
5.205038
4.851702
5.698768
5.912852
6.899649
5.357891
4.540275
5.027654
5.409241
5.170295
4.23686
4.442049
3.875961
4.459986
4.675368
4.859207
4.58288
5.576046
3.868497
4.297974
4.959633
6.234869
4.72201
4.583335
6.303238
4.987342
6.378544
4.469423
5.543801
5.317218
5.808827
5.723908
6.9142
6.138403
6.692608
5.75604
7.207672
6.579908
6.775089
7.671863
8.424438
7.804588
5.894237
6.014081
6.611218
7.238549
3.479139
3.349285
5.571985
9.053738
7.41654
5.095776
8.698112
6.607613
9.737321
6.779439
9.230218
4.214248
9.985827
6.149773
8.869329
7.72007
8.778603
9.90696
10.260561
2.742956
6.968848
8.007549
9.898279
7.420389
6.110075
4.713597
5.534819
10.09535
7.914809
11.297864
7.005911
5.257054
9.484728
6.635132
4.718707
8.727176
5.027949
7.721014
5.632038
4.946853
4.911652
6.18392
6.380298
9.557126
7.375521
7.72809
6.790273
7.810528
6.452826
6.727661
6.069939
5.213236
6.217635
6.279146
6.638143
7.119545
4.429015
8.084051
5.959066
7.88614
6.923181
9.145431
7.508214
5.704711
6.104769
6.220698
5.466655
6.724801
8.484708
6.812096
6.507587
5.691615
6.845841
7.095126
6.939836
6.475719
5.826911
6.005689
5.791889
6.828464
7.539432
6.675704
8.621303
7.02868
7.129553
6.32173
4.500088
5.29948
6.875244
6.238146
6.236513
5.098698
6.496555
6.28793
6.795481
4.933798
5.69984
4.223812
5.021213
5.490666
4.679241
4.748361
6.14662
5.299762
6.963374
5.803493
7.167614
6.872529
4.850502
6.983084
4.976577
4.642048
6.094379
4.946729
5.836278
5.467757
3.792243
6.781943
6.466272
6.073172
5.905062
6.031535
5.450852
7.559844
6.823896
6.022898
6.422312
7.123317
6.475093
5.529792
4.047489
7.64536
6.729403
7.554958
8.036179
6.572606
11.04616
7.111583
7.053671
5.933434
4.368029
7.665885
4.843522
7.910739
6.701691
4.091447
8.545493
7.817375
13.676073
9.158559
8.106396
10.85555
11.311975
11.470459
9.733213
7.131923
11.478133
12.75264
8.825051
6.658982
8.221791
6.43802
10.159913
7.357126
8.48644
7.675521
5.956539
9.48022
9.792179
8.737018
3.90009
8.367547
4.818945
6.415426
5.904023
5.883383
8.920873
8.015894
8.193965
8.030594
6.162412
10.848681
7.567988
7.708373
8.427292
7.846808
7.288191
6.618859
5.828555
7.345408
7.038147
8.869769
7.78576
7.572375
5.583141
5.862484
6.637075
8.14395
6.807076
7.438617
7.436408
8.361539
8.158317
5.911077
6.345686
4.890534
7.67278
6.908365
5.889268
5.135154
6.12735
6.770408
5.751094
4.312497
6.143933
6.986339
6.254268
3.772337
6.232782
7.005637
6.118015
6.262568
4.07721
6.23785
6.377017
5.117305
7.890824
6.244316
5.783085
8.406703
5.964646
4.77332
6.159188
6.353922
4.630468
5.843699
5.206633
7.244589
6.299193
8.409666
4.783898
5.920805
5.96096
4.335738
6.339464
5.422212
4.624666
6.189891
5.009826
8.377152
7.517253
6.656341
7.321703
7.79746
6.308215
6.341896
6.103873
7.009599
5.525211
6.666972
7.38594
8.310769
8.22889
9.981684
5.301219
8.799586
8.064186
8.819209
9.274395
9.25553
6.653722
8.909428
8.588118
7.020151
9.700457
4.025453
6.727644
7.592072
9.835109
8.12009
6.490359
9.936571
13.632356
10.389643
10.709537
7.526679
8.279301
7.416746
6.703843
8.794603
10.303704
9.285243
9.707417
9.08305
10.239014
5.248792
5.461525
7.288213
8.296833
9.912505
4.362066
7.140726
12.381144
10.021334
10.692245
7.083888
10.285387
5.902945
8.241685
6.462762
5.005744
5.917645
6.61029
8.237174
6.754365
7.092446
7.558636
5.177521
6.102735
6.418683
5.913331
5.408227
6.346661
5.505672
3.681116
5.030619
6.208935
6.425417
4.088293
6.248214
7.105468
6.033805
5.633831
5.264256
6.58104
5.910922
7.578366
8.599028
6.759574
5.219469
4.038513
6.090163
6.033432
7.239644
4.932771
6.68922
7.810277
5.249033
6.54452
8.371019
5.344385
7.581805
6.481526
5.521016
7.226638
5.122779
6.535717
6.995103
5.016023
6.812668
7.440698
4.889225
4.364146
5.890332
5.362335
5.724329
5.213517
6.892415
5.653242
4.815786
6.10928
6.075191
6.334499
4.617734
6.315812
6.113804
4.197679
5.167332
5.422264
5.744707
4.749744
5.367732
5.340063
5.025208
6.583235
4.369305
4.209088
4.634237
6.419766
3.45462
5.237951
6.176937
5.127246
6.145698
6.360957
6.315604
5.263337
7.108721
6.067994
6.458239
6.042325
5.238214
6.343287
8.488926
7.664371
9.193572
6.571966
8.050725
7.546367
6.709752
6.832125
9.478593
5.205333
3.683264
4.016629
7.488887
5.659679
7.708059
9.181882
4.999048
7.495312
6.888818
6.872098
7.764381
7.452712
7.136206
8.507456
5.221737
5.94374
10.123812
6.634845
6.213188
9.055333
6.733049
8.142852
9.708795
8.044123
6.889305
4.973873
11.118599
3.783262
9.785391
8.097775
6.549605
12.870041
9.45784
8.950029
7.484011
7.251306
7.120831
8.966742
6.940199
5.697127
5.622558
5.404677
5.582109
4.921742
4.319593
5.311987
3.534136
4.766475
4.596987
5.33102
4.978999
3.632238
4.63137
5.669589
5.027808
5.652764
6.492942
6.232819
5.736529
6.659038
4.956033
6.971966
6.55541
7.562658
7.707078
6.021175
5.569145
6.703645
6.220448
4.915242
6.895386
6.107517
6.670551
5.879056
5.266736
6.907316
8.434711
4.72988
5.79192
4.693854
5.883182
5.121498
5.801589
5.894636
4.841949
5.676843
5.315938
4.499917
4.28843
4.130016
3.893356
4.560331
6.355581
5.049015
5.624008
4.589678
4.983785
3.594201
4.774332
8.202277
4.089285
3.981904
4.135665
4.782545
4.767825
5.22402
4.195614
5.992687
5.280335
5.391447
4.133628
4.787063
4.597813
5.379597
4.718212
5.071115
6.203333
5.802248
5.001182
6.229776
5.318716
5.162294
5.657817
5.841677
5.394031
7.698319
6.312374
6.920459
4.323989
7.037304
5.966071
6.635766
5.565777
6.603935
6.791773
8.928803
7.669022
5.609668
5.452109
8.310236
8.28087
8.251873
8.228858
8.574964
8.908016
7.355738
9.096846
10.241013
8.033261
5.094273
7.528612
10.00704
7.856793
7.377303
5.259454
8.978267
10.237779
8.08817
6.41364
7.325244
7.064357
9.358823
12.243651
11.306832
11.787546
8.733501
8.022508
10.150986
8.060156
12.51
9.194284
8.072631
11.092073
10.517022
9.073748
8.54543
6.282271
7.973041
7.919819
6.352688
6.82149
4.829524
5.570526
5.646299
4.794065
4.841757
5.795271
4.599249
5.180799
3.996215
4.790071
4.55885
4.550224
5.249477
4.889395
6.791515
5.53187
3.811237
5.538641
4.57451
5.751666
4.211622
6.553289
4.512333
6.528319
5.514669
7.141212
6.019241
7.061688
5.53927
4.679714
6.36086
7.786627
7.565956
5.869996
5.72976
5.729034
5.560387
5.004105
5.541712
5.898489
5.190471
5.109855
4.96952
4.583004
6.079804
4.793545
6.206978
5.348929
5.329421
4.70538
3.737248
5.369207
3.971868
3.508171
5.152732
4.150525
5.560977
5.561845
5.877231
5.480549
4.316978
6.159106
3.627595
5.439314
4.914555
5.193099
4.901457
4.572711
4.917305
4.352904
3.423792
4.661475
5.569824
3.660487
3.736708
5.673981
6.180776
5.047807
6.254761
4.276349
4.888464
5.862401
5.326615
5.553962
5.719914
6.852312
6.766236
7.766309
6.024378
5.557193
7.115053
6.555668
5.090803
7.534887
6.715686
6.00613
7.776771
6.951032
7.876877
9.160786
5.400368
3.440574
8.439915
7.177302
9.371626
5.42566
4.708106
6.204523
6.994082
11.335156
4.39543
4.672386
7.538509
9.343624
9.846334
12.315056
4.86442
9.888109
7.996475
8.038677
9.746695
9.98433
7.228238
12.200871
7.573934
12.712316
9.663044
9.486972
7.530602
7.928791
11.516841
9.073556
9.094073
9.045244
4.547982
8.055164
7.225251
6.099772
7.165461
6.761141
6.189951
6.169814
5.692006
3.712858
6.008372
4.276591
4.61896
3.880911
3.810955
4.328642
4.547441
5.810381
4.94662
5.792159
5.49704
5.431084
4.401408
5.228388
6.573808
5.980082
6.041041
5.555429
5.80031
5.39502
6.70397
6.392198
6.05452
4.340684
7.175563
7.082693
5.171753
6.382945
5.419617
4.897252
5.4122
4.414886
4.791375
7.616783
5.906991
5.278082
6.472676
5.794242
6.653145
5.38545
6.068571
5.226452
5.90387
4.772518
5.396601
4.789984
4.841935
4.444918
5.64576
5.48706
7.698295
4.392763
5.500556
5.806403
4.591625
5.395022
3.991055
4.96252
4.911037
3.765301
3.751721
3.797101
4.050136
4.97806
4.127741
5.10936
3.868174
4.425205
5.17038
5.171955
4.479187
4.23963
5.460401
5.984116
6.318573
4.543816
5.425781
6.20269
5.221073
5.576217
6.278064
6.45488
7.384331
6.602283
6.835006
4.794077
6.498129
7.607159
6.915195
5.828945
7.644943
5.431278
7.052269
8.257418
5.850999
10.609171
3.615666
3.17443
8.7793
4.710523
6.670866
4.412842
8.026395
6.298465
7.16533
4.949317
6.970351
7.649623
6.861691
8.087735
2.531484
11.23144
5.119283
9.346266
8.031083
9.101005
7.282002
10.058135
7.419856
9.092997
8.23512
2.823869
4.957786
4.615401
9.112781
8.688675
6.48161
10.42183
4.151133
7.302935
5.797643
6.600026
5.328234
8.426844
4.960474
6.688788
7.09492
8.412623
10.490143
6.832415
5.159908
7.062299
7.115767
5.925549
6.068845
6.386283
6.790955
7.419026
6.162924
10.606305
7.359019
6.862144
6.214419
8.335247
5.099586
5.475316
6.683004
7.659149
6.223674
5.70018
5.607414
6.51908
5.160399
4.82578
7.564499
5.618527
5.280575
7.272214
5.764064
4.72964
6.095785
5.462542
5.606769
4.96501
5.631734
4.123445
4.882039
6.922905
7.239191
5.888339
6.50675
5.835749
5.4571
7.226719
5.039474
6.858755
4.933944
7.829843
4.593227
4.854122
4.069016
4.720057
5.59234
7.437396
5.378146
6.133225
5.5903
5.06538
5.37867
4.99955
6.486987
5.754526
5.624702
5.590282
5.442711
6.630886
7.324776
5.191441
6.398772
5.395222
6.34219
6.604793
5.409707
5.817231
6.082699
7.740604
3.547212
5.763374
4.711555
7.88197
6.576308
6.479048
5.791812
7.723928
6.165602
7.081346
6.066936
7.869214
9.286907
5.496176
8.772282
8.328971
5.962895
9.128475
5.789906
5.997223
5.361295
11.885734
8.817676
8.626198
10.444404
7.387689
8.667391
6.680164
3.488589
9.527646
4.393623
9.309733
13.635664
8.140109
5.049262
9.299077
4.78213
10.88505
6.878939
8.807815
8.360905
9.526528
8.30659
11.272777
9.348756
7.531599
8.469223
4.821479
2.678074
6.306749
8.119288
5.805372
6.086277
6.437332
9.705613
7.518936
9.620148
5.848168
6.952427
8.50546
6.064803
6.75159
6.060647
6.638379
7.654574
7.099795
10.819104
6.964634
8.913896
7.703216
6.291075
7.23605
8.427386
6.917356
8.260719
7.714161
6.764534
9.523084
6.523214
6.921282
6.61738
7.796108
7.851556
5.819158
6.70846
3.937035
8.386089
6.509106
7.909573
7.830962
6.669989
5.084421
4.070624
5.556344
6.091372
3.792408
5.169548
5.525156
6.706295
5.269566
5.719698
5.63611
7.174025
5.320185
5.991877
7.65861
5.189234
4.4012
5.764136
6.753441
5.233501
5.387132
4.833101
6.868084
6.939243
7.782974
7.012514
6.923773
5.688644
6.369692
4.882827
7.611144
6.727181
7.153245
6.131484
5.935913
7.79629
7.805541
6.307963
7.36935
5.559136
7.143638
5.82206
5.946658
6.828736
5.579446
6.603535
9.195135
6.723461
8.838037
10.538471
7.363553
7.760484
6.666011
7.36446
8.162907
6.817876
8.606428
8.454688
8.379386
8.138437
10.421341
8.772075
10.274178
7.933952
8.91833
8.680181
5.276479
8.227805
8.417254
9.150648
8.612738
7.467452
9.819904
12.317793
12.75905
11.013841
11.106208
11.349865
8.541598
10.365362
5.143322
7.322932
9.644283
7.649912
10.756027
5.208655
7.530099
7.777027
8.875739
9.075546
7.947945
9.904991
6.058746
8.228113
6.587171
7.417299
7.240577
5.104062
5.855759
5.434073
4.520188
4.84572
3.91244
4.429821
3.758139
5.286625
4.80232
4.119445
4.676286
4.073165
5.199259
3.763142
4.303441
5.057121
6.520562
6.391614
5.876039
7.317768
4.270787
5.602976
6.91636
5.104334
5.556679
5.982714
5.406707
5.804057
5.013676
6.138335
5.688276
7.281286
4.870473
5.512562
6.661139
6.712644
7.093939
5.22732
4.729743
4.22214
6.735148
4.982047
9.136458
6.690505
6.558458
6.133793
4.220219
4.528978
4.316823
5.158601
3.547862
3.87876
3.978404
4.510482
4.929944
5.273221
5.778306
5.463615
4.222041
4.580176
4.70802
4.661815
5.450693
4.79602
4.478717
4.473092
4.517421
5.523572
4.126682
4.704672
4.065906
3.882319
4.292432
4.20477
5.240407
4.406277
7.743753
4.751375
4.13718
3.491245
4.284604
5.289103
4.541933
5.174013
5.519645
7.006498
5.983391
6.255072
6.491308
6.12517
6.801511
7.860859
7.110184
6.474949
7.819397
7.696549
7.226766
6.312375
3.864421
4.495857
3.349985
7.471612
4.366073
7.254941
8.88291
6.051073
7.8868
7.967903
7.110318
9.482864
8.76147
8.030492
9.56649
7.26217
11.086769
8.032609
9.243801
10.139912
8.828553
8.009152
10.813813
7.785263
11.723436
5.726625
10.151013
4.665914
9.305808
5.603497
10.566052
9.569606
9.70339
10.000626
6.334141
9.119169
8.065353
7.964734
6.568611
7.926146
7.005529
5.921878
6.685955
6.579328
4.364524
5.343607
4.060398
4.281795
4.405599
4.414237
4.618215
4.259827
4.655751
4.925338
4.986356
5.656986
4.317774
5.236094
5.661215
3.940455
5.697357
6.166214
6.069875
5.661657
6.492322
6.021165
5.987586
5.649995
5.641648
5.807474
6.942403
5.002543
5.34133
5.521298
5.507132
7.162483
6.564575
5.878892
5.844064
5.73358
6.334578
5.050567
4.675937
4.855739
6.728822
5.119721
5.611292
5.605547
4.580147
5.605035
2.633769
4.741518
3.552452
5.455334
4.389451
4.5548
6.233869
5.231246
6.659456
6.532505
4.987201
3.86085
4.51194
5.048364
4.88877
5.154013
5.145666
4.769788
5.417698
6.848498
3.858539
5.427491
3.385603
3.388644
4.602911
6.007313
6.261422
4.788122
6.303319
5.004999
4.729506
8.246842
5.052758
6.038082
5.288348
5.174291
6.278982
8.035336
7.066285
6.782887
6.794958
6.07801
7.151662
6.638877
6.779801
6.998957
5.822905
7.891325
5.993502
7.325651
8.237538
6.266827
6.893913
8.443082
3.675523
9.420434
7.148078
7.573676
7.663417
9.114233
8.129067
7.748934
13.20314
9.400757
7.10374
12.370533
5.7085
8.341401
7.39554
5.219998
21.066906
6.538616
6.733423
7.0919
11.075347
7.448208
14.091321
5.126542
6.324193
5.474122
8.103455
6.186204
8.911972
8.893067
8.263475
10.598402
11.201915
6.859303
9.438384
7.74812
5.385246
6.6081
6.274624
7.160477
4.562873
4.745462
4.469753
4.731273
3.893085
4.274628
3.232342
4.675331
3.911301
4.839254
4.368353
4.822341
4.722875
5.199843
4.199206
6.626341
6.644028
6.407582
5.335337
5.823543
6.279158
7.054129
6.564614
5.394797
7.239198
7.426706
4.744457
5.938566
5.738945
4.848652
6.385516
6.129425
5.85085
5.908478
6.198158
4.057546
5.141621
6.365051
5.387381
7.019544
7.365926
5.560391
7.06697
4.964302
4.93487
4.835257
4.537924
5.434282
5.090032
5.271908
5.379531
5.516923
6.11123
5.265331
6.599455
5.372696
4.581456
5.792925
6.494755
5.112826
4.240543
5.124715
4.472497
4.11499
4.58228
4.389559
5.39577
4.076726
4.598794
4.906019
5.67488
4.921658
5.440549
6.218128
4.018707
5.111954
5.743118
5.507119
6.080559
5.361897
5.209873
5.12128
6.407461
4.860122
6.63817
5.622119
5.091474
6.025401
5.296745
7.026654
5.626416
6.349243
6.898178
6.992644
7.416641
7.052887
7.093104
6.336335
4.503824
4.156918
5.909682
5.282051
8.04061
8.12027
6.961706
9.865922
4.50109
5.951382
6.057817
8.315493
10.934304
8.034128
8.5391
6.650928
6.251914
7.058665
9.108745
8.175106
8.029426
8.75241
7.608512
5.400715
9.897497
12.639438
8.890111
11.955776
7.83131
8.060927
8.007987
8.248693
7.618621
8.673371
3.807191
8.758509
7.224427
8.668469
8.203249
7.972902
6.744792
7.394784
5.132797
5.231066
5.100534
5.355341
4.579965
4.155812
3.984961
3.777611
4.379955
5.126293
4.777859
6.064843
3.592582
4.551873
5.538909
4.737101
4.929077
4.958549
4.749184
5.239056
6.15334
5.616251
7.363922
5.324235
7.244746
6.794795
6.750753
6.08468
6.609036
4.304787
5.61637
5.290502
5.383839
6.448918
4.959928
5.376677
6.433019
5.119663
4.854849
5.614557
5.009207
5.625007
4.208794
5.265588
5.226916
4.275874
6.21358
5.468068
4.82805
4.747822
5.64826
3.015078
4.112682
5.38934
4.508633
4.900021
5.36228
6.034549
5.334477
4.298875
4.676012
4.89398
3.810715
4.700354
4.433008
4.632858
4.637539
4.730047
5.399923
5.024854
4.312034
2.481066
3.51945
3.862787
11.699524
4.932492
4.876317
7.056498
3.370457
4.614197
5.959744
5.638574
7.032902
5.112365
6.439642
6.975371
6.209781
6.285196
6.038319
5.977645
7.176473
6.036489
6.698096
6.453415
7.690087
4.588703
6.597194
6.021601
7.202686
5.760931
5.992724
4.942502
5.949856
8.651738
6.522059
7.477059
4.64363
8.86271
7.628369
8.331006
8.025403
8.043039
9.604152
11.581525
9.211881
7.521227
7.795288
10.134451
10.331228
7.509601
8.329401
12.036777
9.119894
7.303639
11.69189
7.856822
9.75356
9.486032
5.743584
8.963323
8.882095
9.176211
6.334681
10.992121
2.139712
6.872314
7.841826
6.795162
8.02771
7.198623
6.623398
5.354498
6.452718
5.023927
3.682337
4.871902
4.240269
5.228219
4.446538
5.401809
4.883096
4.111716
4.336792
5.628339
4.925599
4.960332
4.480473
5.05915
5.088712
8.288884
6.12804
5.824237
6.375051
4.002884
5.862506
5.091608
6.512837
6.461685
5.572936
4.708712
6.421891
5.314034
7.110501
5.100555
4.799075
4.819791
6.522843
6.738405
6.088613
5.947254
5.756026
5.312563
5.715201
6.017934
5.563684
5.975817
3.528222
4.573145
3.930237
4.941533
4.032274
4.885223
4.291445
5.221503
5.443494
5.167624
4.675277
6.410957
5.220144
5.972278
4.499103
4.36595
5.194826
6.943465
4.461946
4.659999
6.676167
6.521935
3.976252
5.372123
5.048638
2.648443
4.547242
4.03867
3.917877
6.253511
3.722743
5.582671
6.060155
4.513964
5.437857
5.420258
5.127036
6.420587
5.672048
6.458057
6.010223
6.342562
6.853356
7.682642
6.786439
6.020777
6.282728
7.031547
7.478537
6.777495
5.757227
5.988474
8.559281
5.266412
9.734461
8.080028
8.336141
5.036359
5.639043
8.930266
10.47233
6.601406
8.318287
8.666805
7.27613
4.824129
8.938072
11.590631
7.836835
11.454342
5.421477
5.476017
10.352413
8.16317
2.538078
8.784168
13.022594
8.995135
10.757117
11.28444
7.532727
9.707114
9.016741
9.010807
10.332678
5.118532
7.643167
4.26882
5.307363
3.355537
4.170356
6.077291
6.001159
8.027883
7.050528
7.796134
8.820858
8.357622
6.657623
6.342671
5.134562
6.051992
5.356137
7.293491
5.103713
5.737863
7.873228
5.326979
7.405331
8.327693
7.771559
5.071362
6.329626
6.663724
6.189396
7.546692
6.029555
6.383785
8.685197
5.750346
6.967434
6.027807
6.422617
5.963056
7.755356
5.662092
6.207162
6.198838
5.098323
4.623177
5.99643
6.410955
5.862148
4.733331
5.754246
4.964969
4.334595
5.812728
6.713321
6.937728
4.841968
5.9474
5.845548
5.720214
6.131646
5.908949
5.997929
6.588396
6.342168
5.894622
6.424585
6.303844
5.031235
5.108442
4.608795
6.060576
5.360975
6.975869
4.999308
6.214929
5.843874
5.940563
5.492587
6.739824
4.150772
6.396104
5.815543
5.630116
4.38538
6.713018
7.564081
5.338174
6.148692
6.951151
5.058711
9.842712
6.45813
5.802796
7.432144
6.165916
6.157256
7.370717
7.42554
5.406435
7.500409
8.565453
7.724506
7.090314
8.905602
9.465882
5.513346
8.328852
8.027183
5.718649
4.437576
9.006634
3.588607
9.351323
7.314399
8.343333
8.018566
10.294872
6.510078
9.409989
8.129404
8.068814
9.588264
7.851074
8.2744
5.080087
10.602484
8.78221
8.698788
7.480511
6.584536
9.109777
10.729065
5.64598
8.242289
6.261999
9.360696
7.868429
7.336418
5.400781
2.371158
8.126428
6.841589
10.801562
8.938204
7.742401
6.688043
6.876109
9.70685
9.323349
6.278907
5.683774
5.595448
9.317921
7.240978
9.086383
4.759566
7.590004
6.469382
7.054498
4.98391
7.775997
7.051665
8.104071
6.385947
7.595674
5.815133
6.394476
5.516484
7.587685
6.601252
4.530411
5.792892
7.279275
7.242266
8.1345
4.61392
7.81934
5.665772
5.454736
8.766748
5.157483
4.99092
5.552978
5.477774
4.953653
6.781441
6.723556
4.777351
5.406841
6.142944
7.666964
4.701533
4.59371
5.968298
7.179875
6.465126
5.465221
6.790587
5.345466
6.358077
6.997085
6.991149
6.336472
5.136001
5.966799
5.91217
6.068305
6.02697
4.70001
4.360117
5.626119
7.665619
6.537994
5.775173
9.25612
5.956285
7.140848
5.845666
7.21999
7.113887
7.822139
6.224309
5.356328
6.53659
5.469626
5.60179
9.965866
7.835211
8.664329
8.209845
7.20263
7.883503
8.154758
8.629314
9.082114
7.388229
7.37879
7.049433
3.952371
7.908066
10.105309
7.833954
9.261258
5.077937
6.305832
8.161239
8.794918
13.707
4.560443
12.858088
12.82759
11.402731
7.767279
3.512439
8.188833
6.99632
10.860697
7.426514
7.609916
11.324228
9.166465
10.748567
9.85691
8.336487
12.994045
8.061768
10.840205
11.026978
8.464961
10.727973
10.870524
9.233559
8.524021
6.341616
8.920142
8.212224
5.569571
7.056138
7.424166
6.657934
6.492017
4.946703
4.476748
4.461791
3.722576
6.033351
4.424976
4.398364
4.823675
4.068052
4.52113
4.078789
4.988172
6.473347
6.72426
5.32985
6.57267
3.53881
5.748189
6.383959
5.945407
6.033726
6.142332
4.74695
5.776478
6.720612
6.549696
6.122905
6.718235
6.184407
6.556446
6.651645
6.20433
4.51393
5.104953
5.713522
4.375149
6.955373
6.275809
6.514538
6.082383
5.02542
6.211085
6.42498
4.592793
6.206329
5.139538
5.157488
4.437602
4.579822
4.812147
4.628153
4.815247
5.220784
5.54957
6.698225
5.845723
5.001284
5.033098
3.618512
3.087553
5.491399
6.262787
4.833249
4.803983
6.076162
5.098971
4.000492
4.475421
4.310329
5.129869
3.905507
6.494013
4.589187
5.795461
4.692602
4.632222
5.733851
5.849727
7.234716
5.620755
4.930565
5.510491
5.050643
5.788208
7.210221
7.069595
6.388537
5.257011
5.826532
8.939563
8.095367
7.429382
6.978326
6.723634
5.695372
7.623677
6.91027
4.636673
6.831103
8.235354
9.58041
5.252636
9.944339
6.265423
6.038765
7.948427
4.732861
7.893551
8.71255
8.972383
4.890453
8.636221
9.544529
7.655426
11.636067
8.65586
11.315669
7.006766
7.935868
9.261815
6.43365
9.911582
14.38795
8.812811
3.789663
6.684644
7.479655
8.759798
7.796144
7.537863
9.416931
9.687155
8.334667
9.684868
9.714153
7.457868
8.015195
6.331081
6.244917
5.059824
4.748314
8.32292
4.634319
5.437957
5.111781
5.22421
4.693739
5.218992
5.001086
4.000941
5.361442
5.746892
5.990637
5.693225
6.40874
4.971168
6.119458
5.91179
6.177579
5.73514
7.814983
5.514145
6.070476
6.900319
5.439017
4.947619
6.038027
5.695052
7.054456
5.779363
5.787581
5.94207
5.42578
5.152627
4.551557
5.283855
4.978583
4.857055
5.503534
5.546371
4.34142
5.252907
5.707305
5.285176
4.991788
6.138878
4.669474
3.931272
4.144653
3.419968
2.130276
6.050282
5.005393
5.66074
5.250384
6.33159
6.101306
5.006901
5.352053
4.281581
3.92056
1.17002
5.278769
4.452419
5.229881
7.222071
4.302623
4.293936
5.149822
4.750161
4.482775
4.874138
5.143671
4.881148
5.33063
6.030064
4.56001
5.723565
5.649575
6.884952
6.423018
5.225572
6.541787
5.785097
7.519636
5.59078
7.647794
5.768142
8.087008
6.569097
6.886332
7.241193
6.590154
5.584578
7.906677
6.558452
2.906374
5.723497
5.890701
6.358289
8.863961
6.111841
9.348011
7.038069
9.505774
10.391476
7.677037
7.547936
11.201337
5.85302
9.38974
7.275033
8.166236
5.91925
7.711776
11.662687
9.204156
8.353833
5.289582
8.577522
9.657813
7.614957
5.904851
9.409419
7.999738
11.035647
9.175877
9.095924
8.876527
11.311206
8.172859
5.072726
7.11122
7.320873
7.129562
7.599637
7.135654
5.340547
5.597788
5.922793
5.774751
5.286097
4.174205
5.10609
4.114847
5.329322
4.071412
5.682511
4.781553
4.311567
6.843077
7.533418
4.810826
5.476232
5.278412
4.963516
5.925772
4.865333
6.004379
5.662787
5.334731
5.188479
4.16255
7.072093
7.158943
5.599239
6.772177
6.406024
8.464374
7.560003
3.988376
6.255838
5.059479
4.310862
7.329652
5.830657
5.407471
6.013906
4.731194
5.218955
6.721359
5.861896
4.573153
5.892086
4.306996
3.930178
5.429319
3.905131
3.841062
5.091702
3.875642
5.97114
5.179996
5.073035
5.268807
6.005667
5.439517
5.568248
4.903136
4.511305
3.838445
4.11572
4.092273
5.387628
7.57242
3.815352
4.428036
3.776771
4.199629
4.927336
4.003675
4.220489
5.481152
4.074286
5.914103
4.648132
4.95478
6.125119
5.375064
5.251606
4.98575
6.063761
6.253056
6.808808
7.521671
7.274561
5.430375
7.566562
8.3022
8.359168
7.812132
8.894511
8.033369
10.857575
7.301195
7.388405
8.896335
7.54295
7.412622
7.005205
3.971638
6.349913
4.364913
7.465303
4.48567
8.528831
8.603411
9.696461
4.146825
13.153749
5.706118
7.702689
5.114881
8.089865
8.886711
7.54196
9.905048
8.067597
12.436695
7.892784
9.033742
12.916656
9.744994
7.756091
8.886958
10.843222
8.055071
8.548541
12.639044
9.877759
8.162371
7.417765
8.030742
5.68361
9.209423
6.372598
7.76154
6.055019
8.119625
5.126838
5.542372
3.496159
4.738972
4.325631
4.392006
3.360262
4.338447
3.564323
4.16062
6.315843
4.144793
5.993515
5.805982
5.989633
6.263526
6.466977
6.484676
6.106015
7.019607
6.327535
5.68311
5.692766
6.957251
5.72306
7.230707
5.224306
7.008006
5.439441
6.428803
7.350268
6.385238
4.16058
5.491317
5.43495
4.736018
5.847433
4.373502
6.08878
6.256586
5.789827
6.048128
6.720775
5.377026
5.514545
6.088102
8.82482
2.957939
4.388704
4.245476
5.318585
4.830795
5.450871
6.470453
4.52182
5.398882
3.723953
4.871178
4.809866
5.349356
3.647901
4.311339
5.273355
5.616449
3.705211
4.712767
5.299623
5.760622
3.085708
4.439378
4.157502
4.039173
4.75415
3.919681
5.889022
5.426165
3.964394
5.250248
5.440528
5.806576
5.628128
5.279101
4.738729
7.235702
6.156454
6.128728
6.353257
6.41534
6.913528
6.387431
7.377171
9.320225
7.581939
8.462871
6.406116
6.877425
8.309689
6.468382
6.114463
5.902515
6.511009
5.441607
6.991445
6.280574
4.437858
10.967662
9.242995
4.038671
9.80053
8.066154
5.741802
8.700689
9.480984
21.718075
7.166646
8.945823
12.419336
8.883248
0.689332
4.752128
9.172454
10.247152
23.650209
8.138692
8.045471
9.247784
5.552351
9.471879
11.432083
9.093068
6.765568
5.166252
4.008146
6.305114
6.094511
7.594655
8.27089
5.222767
6.334747
5.927868
4.698063
6.064275
4.505498
3.661653
4.577387
4.840054
4.470678
4.563103
4.873343
5.282342
5.147154
5.437462
4.046041
4.590025
4.301788
8.553437
6.032434
5.130335
5.502869
5.71842
5.947482
8.589037
7.498037
5.48794
6.522553
7.779373
6.468386
5.79124
6.629557
6.12916
6.042174
5.189362
7.539506
3.865645
6.218725
5.875303
6.374921
6.807577
5.239985
5.183981
6.130827
7.055985
4.944537
5.537823
5.300126
5.132333
5.123948
4.722188
5.374513
5.365365
4.894351
5.177332
5.105404
4.712053
5.264794
5.620159
4.504349
5.032583
4.461554
5.008939
4.57972
5.046959
4.680553
4.729035
4.03131
5.966018
4.073013
4.456995
3.128719
4.642493
4.100566
4.791207
7.670568
5.399161
5.115132
5.100451
5.888224
6.512283
5.404048
5.706176
6.463373
5.656579
6.467029
4.795572
6.114322
6.006467
6.156794
7.544911
5.584439
5.88051
7.165969
8.581912
5.417699
7.162946
5.652619
6.641452
6.41686
3.210627
4.547965
5.561677
5.511186
5.127218
