5.33913
6.076719
6.088324
6.09371
5.78014
5.7344
5.505983
5.175158
5.29431
5.057232
4.866155
4.205675
3.833801
3.69272
4.005243
4.617325
4.80019
4.346647
4.112075
4.722936
5.146339
5.62458
5.335507
5.806347
5.834177
5.627873
4.930978
4.624393
4.643226
5.093402
5.068138
5.061279
4.606145
4.947556
5.350763
5.347192
5.024013
4.761603
4.776728
4.528174
5.059726
5.207309
5.779757
5.536706
5.548388
5.45293
5.462559
6.144659
6.570081
7.349
6.970663
6.977622
7.048706
7.983213
7.679394
7.425191
6.684796
7.035235
7.412634
7.804492
7.621932
6.401341
5.770575
6.324016
6.742098
7.787609
8.097218
7.32466
6.381762
6.174618
8.409824
8.58796
8.909355
8.468899
9.20897
8.522072
7.541517
7.041432
7.464282
8.188294
7.956934
7.308089
7.194432
7.417004
8.970155
9.412744
9.628515
7.749038
7.743543
7.411124
8.650843
8.016634
8.131654
7.953042
8.983067
8.013832
7.424448
7.05874
7.417928
6.850668
6.327333
6.058386
6.229584
5.712718
5.688543
5.12747
4.824668
4.632777
4.597235
4.881272
5.0967
5.004455
4.753897
4.780281
5.090328
5.449176
5.493524
5.540601
5.663021
6.087611
6.672322
6.294826
6.245985
6.014263
6.353642
5.903078
6.186439
6.020638
6.045593
5.945267
5.902555
5.889214
5.521344
5.46613
5.525491
5.332286
5.284179
4.864004
5.43174
5.75201
6.132099
5.266091
4.964589
4.729661
5.302651
5.431891
5.350583
4.928856
5.130807
4.861425
4.895893
4.61409
4.666116
4.720406
4.644459
4.822297
4.765466
5.314318
5.453664
6.352616
6.370333
6.208813
5.412449
5.336395
5.178773
4.741716
4.841166
4.787413
5.144959
5.040917
5.355814
4.849252
4.801222
5.118482
5.32802
5.234037
4.978573
4.894052
5.054025
5.552879
5.731222
5.705165
5.54168
5.637565
5.625385
5.651347
5.742918
6.594324
6.554768
6.826204
6.698538
6.680072
6.648953
5.756875
5.920806
5.906967
7.03048
7.166646
7.472841
7.658177
8.361006
7.627609
7.597
5.906942
6.565058
6.463052
7.922668
8.663196
8.806669
9.109785
8.084556
7.597711
7.731066
8.295807
8.556898
8.247037
8.681541
8.388787
8.128863
6.395787
6.450367
6.29675
8.15004
8.526481
9.204527
8.8878
8.964556
9.454561
8.200471
7.902151
7.134023
8.255527
9.444345
10.432179
9.306104
7.257708
5.630746
5.311583
5.975567
6.118863
7.321557
6.541103
5.939895
4.736833
4.767174
4.761017
4.567328
4.124575
3.97327
4.083057
4.253882
4.550764
4.888701
4.964532
4.778789
4.878426
5.326707
5.976885
5.997535
5.850519
5.832774
6.044047
6.161199
5.947465
6.547664
6.577198
6.614849
5.782547
6.230597
6.888005
7.294124
7.231551
6.133253
5.647308
5.336033
5.48091
5.552203
5.452431
5.52785
5.458956
5.547632
5.991352
6.01473
6.016501
5.732774
5.788999
5.460371
4.895074
4.732246
4.70137
4.583604
4.727231
4.464734
5.007651
4.303143
4.647702
4.865869
5.578871
5.697537
5.788068
5.379604
5.245971
4.332429
4.895485
4.987805
5.882419
5.641019
5.387393
4.30366
4.127695
4.186167
4.873871
5.033867
5.368629
4.937292
4.65501
4.331674
4.70183
4.618597
5.08973
4.715759
4.983986
4.526839
5.166108
5.402896
5.984796
5.927319
5.979242
5.916494
5.830065
6.041711
6.18479
6.777683
7.102703
6.808466
6.472548
6.958597
7.323163
7.504851
6.231696
6.170704
6.393998
7.004463
7.148777
5.996575
5.024043
4.537665
5.946357
7.891076
8.396216
8.084078
7.589408
7.654437
8.19551
8.625887
9.439616
8.568391
8.246481
8.511419
8.706648
8.874748
8.974798
10.058365
10.630707
10.83361
9.94027
7.461791
7.169671
7.867308
9.038819
8.416846
8.602432
8.432033
8.868341
8.448286
8.62701
7.344482
6.676252
6.123714
5.6503
5.569193
5.552017
5.44368
4.995575
4.428249
4.150741
3.938949
3.993956
4.166685
4.558347
4.908928
5.307435
5.175381
5.492121
5.239176
5.174248
5.436619
6.454672
6.699509
6.130864
6.079029
6.891215
6.980121
6.026224
5.914476
6.46568
6.613398
5.807689
5.376588
5.779986
6.056226
5.654704
5.382968
5.458822
6.015658
5.946884
5.881224
5.461794
5.649179
6.014341
6.011567
5.443256
4.899172
5.156744
5.454941
5.298154
5.171572
4.715173
4.927623
5.034475
5.347206
5.23698
4.816133
5.244243
5.610891
5.829972
5.151685
4.872699
5.195
4.951754
4.726942
3.886438
4.045267
3.765137
4.081268
4.12604
5.505077
5.896941
5.713424
4.527341
4.294096
4.502418
4.813113
5.090166
5.262215
5.130936
4.789763
3.223966
2.806163
3.166718
4.844653
5.402251
5.782681
5.97186
6.133911
6.248918
6.148803
7.139845
7.726834
8.144827
7.528359
7.144687
7.140768
6.058476
5.001541
4.621285
5.236154
5.192757
5.826073
6.716488
9.712023
8.950925
9.268299
7.675928
8.684809
8.093168
7.890225
6.768939
6.092373
6.302497
7.339798
9.821088
10.087407
10.044582
8.790317
10.141034
9.362972
9.077444
8.335975
10.097279
9.914714
9.840159
9.967392
10.053519
10.274338
8.53899
7.814713
7.177452
6.596608
6.874928
5.820749
7.367109
6.937581
7.964196
7.263724
7.051929
6.346953
5.976502
5.873845
5.83183
5.58799
5.347891
5.022938
4.960068
4.506507
4.35829
4.27154
4.879524
5.233718
5.082369
4.700276
4.254075
4.621801
4.995319
5.369708
5.605774
5.337523
5.542218
5.941981
6.297984
6.350852
6.400804
6.449654
6.009732
5.389105
5.023738
5.454957
5.614384
6.400158
5.939495
5.907897
4.959482
5.070806
5.043635
5.583282
6.105094
5.914676
5.392071
5.027208
5.31651
5.748738
5.753095
5.590887
5.736222
5.062342
5.143942
4.588662
4.670029
4.413385
4.762138
4.972839
5.03339
4.983728
5.39828
5.386174
5.478068
5.509859
5.706381
5.427977
5.182947
4.601878
3.954772
3.653257
3.623278
3.996264
3.783558
4.198956
4.116836
4.402353
4.079076
4.385518
4.312017
4.644517
4.415348
4.478813
4.2649
4.282254
4.721477
5.151059
5.123511
5.018416
5.095559
5.433122
5.638527
6.132572
6.461487
6.716434
6.850478
6.80315
6.620513
6.334581
6.472325
6.730794
6.931725
6.785464
7.080516
6.678421
6.678496
5.422774
6.173004
6.943699
7.003652
6.694763
6.796989
8.164297
8.192738
7.279387
6.851743
6.737967
6.027228
5.97129
5.886403
8.696498
9.761043
9.667367
9.037197
8.474734
9.847305
9.825763
10.13729
9.780642
9.584976
8.740925
8.901198
7.310544
7.045184
6.95071
7.369383
6.70074
5.094093
4.791977
6.387161
6.731056
6.015754
4.957128
4.67143
5.751249
5.895598
6.375228
6.922918
7.99233
8.374245
7.740733
6.88
6.578376
6.37781
5.863604
6.016293
6.614827
7.37672
7.421903
7.020423
6.619854
7.112677
7.528374
7.46178
6.853367
6.588013
6.510825
6.984963
6.891039
6.763009
5.984751
6.198996
6.265409
6.761702
6.261719
7.128992
6.779107
6.990658
5.59859
5.804885
5.581349
6.252995
5.910121
6.299463
6.088005
6.23889
5.790927
6.005841
6.055122
6.110404
5.761575
5.957087
6.376933
6.56865
6.404527
6.253771
6.370853
6.622914
6.848824
6.602184
5.996693
5.768328
6.217945
6.221452
5.154116
4.46506
4.469231
5.472103
5.750505
6.229224
6.273862
6.520893
6.337949
5.919445
5.671293
5.801691
5.709074
5.550139
5.254935
5.426417
5.997848
6.574679
7.026092
7.065433
6.971785
5.663369
5.202384
5.583448
6.970858
7.203271
7.135845
6.910065
6.601519
6.442709
6.292909
6.533112
6.149782
6.112474
6.381108
7.006257
7.456744
6.770816
6.328801
5.897603
6.397173
8.200358
8.446036
8.249705
5.946342
6.423473
6.503222
6.879532
6.732979
6.495492
7.350549
8.570689
9.350725
10.619407
10.070782
9.917181
8.677746
9.745249
9.213571
7.988471
7.620537
8.825643
9.7039
9.435249
8.888253
8.941831
8.701336
9.250061
9.501565
10.101454
9.752031
8.196035
6.292132
4.675629
4.98402
6.211954
7.487612
8.258496
8.338781
8.282595
7.960881
8.042886
8.344935
7.859001
7.610284
8.179199
7.85586
7.348048
6.967268
7.917254
7.969407
7.039459
6.274098
6.540473
7.80161
8.834834
8.411703
7.940685
7.252824
7.500298
7.136607
7.000023
6.691414
6.477888
6.635932
6.46542
6.559215
5.980322
6.557123
5.932854
5.815478
5.028252
5.387066
5.82977
6.103724
6.947746
6.958223
6.927902
6.173727
6.041064
6.205186
6.122328
5.270767
5.488371
5.473343
5.709821
5.344436
5.461771
6.601674
7.013252
7.140729
6.589108
5.676584
5.909205
6.202701
6.803826
6.137429
6.178731
6.515868
7.346704
6.640813
6.237432
6.221872
6.246611
6.62143
6.539494
6.931861
6.394266
5.593017
5.591764
6.12972
7.051416
7.611846
7.900124
7.43333
7.042388
6.404448
6.407681
5.700598
6.517685
7.425788
8.608501
8.649368
8.46001
9.282851
8.879225
9.181182
7.895027
8.22991
7.710166
7.569202
6.836711
6.482639
7.496165
8.801586
9.272536
8.587203
7.840364
8.711261
9.364616
9.789004
8.16106
8.094692
9.064588
9.604361
9.077115
9.036068
9.370257
10.096381
9.451197
9.66402
8.896179
8.000294
8.021579
8.567037
9.950561
8.740038
7.156685
6.394845
7.58924
8.971919
8.853427
8.613682
8.143639
8.1231
8.522656
8.930814
8.412864
7.231943
6.590343
6.416132
7.32124
6.86804
6.823688
5.943351
5.648108
5.098463
4.430684
4.520712
4.793033
4.713469
4.488184
4.460144
4.872324
5.057203
4.892672
4.882221
4.971948
4.814248
4.875772
5.009638
5.265355
5.433447
6.093839
6.001027
5.778492
5.387745
5.801127
6.124749
6.050831
6.288353
6.131632
6.68967
6.718348
6.425418
5.65345
5.352672
5.574404
5.790423
5.605943
5.21039
5.37938
5.408726
5.372666
5.007825
4.979879
5.009148
4.813662
5.001811
5.611808
5.499662
4.970753
4.442999
4.293832
4.193303
4.324082
5.061214
5.657508
5.448884
5.465084
5.189906
5.364203
5.352042
5.516063
5.05374
4.856211
5.107539
5.389886
4.788301
4.592887
4.836634
5.22811
5.069614
4.641017
4.450741
4.274542
4.16974
4.362437
4.6947
4.999676
5.122094
5.327096
5.548629
5.824995
5.874414
6.024529
5.696041
5.722752
6.201839
6.906669
7.383334
7.132305
6.955338
6.456774
6.672992
6.760385
7.736501
7.377856
7.684494
6.741528
7.277408
6.907303
6.21654
4.961979
5.291388
6.672011
7.107716
7.138147
6.765702
6.400535
6.540512
6.771537
6.897861
6.49245
7.601867
7.939069
8.357896
8.053298
9.074939
9.35889
9.009554
8.075324
7.803501
8.120989
8.548278
7.364727
7.452581
7.514146
8.637718
8.453057
7.855866
7.779079
8.084459
9.933746
9.760123
8.378582
7.308458
7.667666
8.432086
8.383882
7.640293
6.971976
6.172437
5.590776
4.88647
4.378242
4.059182
4.287245
4.197671
4.389872
4.414285
4.650872
5.363411
5.543091
5.164501
4.592124
4.282717
4.846994
5.184946
4.955327
5.057001
5.713582
6.445715
6.33747
6.006668
6.273006
6.367188
6.540828
6.048347
5.923935
6.157953
6.354999
6.800642
5.798614
6.198392
6.78268
7.11394
6.947689
6.068807
5.931569
5.708031
5.619841
5.622435
5.480287
4.925992
4.971886
5.0568
5.290053
5.204271
4.589191
4.031866
3.412806
3.629962
4.058461
4.65888
5.077597
5.618693
5.829277
5.711544
5.750019
5.291466
4.971391
4.39184
4.3292
4.464963
4.663959
4.946782
5.189303
4.97705
5.383705
5.511768
5.191339
4.817312
4.335865
4.638778
4.62204
4.998445
5.079763
4.429892
4.47357
4.8554
5.636321
5.259305
5.100702
4.868492
5.578289
6.150733
6.842984
6.996204
6.68748
6.481028
6.454685
7.193761
7.088824
7.505091
7.215818
7.843963
7.395677
7.265232
7.07232
7.051152
6.058112
5.078617
5.537604
5.616101
5.802688
6.111924
8.132889
8.41708
8.293993
8.016089
7.986605
8.560978
8.751874
9.194653
8.90507
7.488793
7.507642
7.363358
8.651488
8.419921
7.583509
7.055066
7.572298
9.664989
9.764158
9.325693
8.550864
9.516511
9.849341
9.318419
8.766564
8.1107
7.683534
7.500535
7.345431
6.978238
7.466929
7.707594
8.260912
7.499395
7.03238
6.210771
5.853619
5.957347
5.886535
5.470112
4.967879
4.712682
4.320938
4.727877
4.846708
5.3532
5.005979
5.505376
5.492987
5.247561
4.914578
4.954052
6.217384
6.413687
6.930903
6.811049
7.071046
7.141488
7.072715
7.056957
6.943335
6.387258
6.032004
6.065033
6.472131
7.046986
6.435704
6.094075
5.107675
5.736153
5.752297
6.046723
5.461234
5.178694
5.286188
5.233377
5.355915
5.225815
5.382307
5.053435
4.842789
4.668824
4.785518
4.943737
5.402535
5.189909
5.119615
4.462549
4.673593
5.003719
4.807858
4.536455
4.061913
4.554161
4.797852
4.819092
4.587072
4.751349
4.796198
5.221473
5.547943
5.731836
5.178299
4.666913
4.431587
4.628492
4.489844
4.346783
4.212982
4.850111
5.195643
5.633535
5.393841
5.717159
6.038524
6.260179
6.223636
6.337247
6.066521
6.190541
6.200857
6.425166
6.489265
6.305333
6.385449
6.520032
7.118067
7.359052
7.877589
7.980902
8.458564
8.224373
7.718623
7.781788
6.700293
6.890875
6.522121
8.059506
7.877505
7.779469
6.455303
6.354668
5.563222
6.401032
8.05881
8.868735
8.018124
7.590799
8.941832
10.687827
10.47578
9.668241
8.861444
7.300587
6.848788
5.773083
5.837921
7.057514
8.631581
9.413124
7.427302
7.177893
6.836767
8.99965
9.337155
9.889902
7.994339
7.670916
6.174381
6.345915
6.35534
7.255451
7.483139
6.365845
6.33893
5.773008
5.497199
5.050161
4.755847
4.719577
4.398965
4.122821
4.164189
4.07314
4.77927
4.880127
5.356546
5.152118
5.182684
5.119113
5.122889
5.679949
5.956136
6.045715
6.297052
6.425909
6.375666
5.805351
5.899896
5.876287
6.144555
6.206412
6.400203
6.15744
5.956726
5.617709
5.669924
5.698354
5.788808
5.693039
5.67207
5.550501
5.448776
5.096067
5.492321
5.897243
6.158163
5.720755
5.080916
5.156513
4.889344
4.934871
4.533337
4.718569
4.373747
4.170981
4.370161
4.731824
5.25088
5.498087
6.177114
6.061123
5.577047
4.967214
4.999165
5.205149
4.930976
4.605567
4.183758
4.254427
4.344048
4.667436
4.705898
5.006719
4.678829
4.561895
4.38255
5.177333
5.312881
5.161003
5.208609
5.304674
5.880313
5.285523
5.445798
5.121118
5.555675
5.621595
6.153105
6.269146
6.574924
6.19774
6.547375
6.528797
6.847595
7.015324
7.638161
7.973448
7.358381
6.548488
6.177183
6.631346
5.765838
4.642347
4.142024
6.037471
7.381017
7.155441
7.062905
6.83151
8.339821
7.731008
8.559024
6.747445
7.771536
6.842268
8.295087
7.611898
8.445157
8.821368
9.666497
7.612989
6.57467
5.964782
8.315363
8.457125
7.769678
6.055195
5.436767
6.816845
7.901059
9.75705
8.767704
7.781142
7.247395
7.170431
6.896531
6.688155
6.193703
7.121069
6.154176
6.067894
5.153248
5.352466
5.84342
7.392482
7.805145
8.191737
7.298375
7.434907
7.025657
6.97907
6.417249
5.989563
5.82603
5.91761
6.380801
6.686427
6.055328
6.523317
6.19898
7.288233
6.946111
7.981529
7.884133
7.420941
6.414654
6.016135
5.928402
6.132133
6.918997
7.358114
7.242442
6.328322
6.34194
6.562197
6.963139
6.832235
6.403866
6.093848
5.875995
6.210538
6.738766
7.020582
7.609544
7.462703
7.570454
6.823977
5.961984
5.350257
5.577914
6.15736
6.44031
5.851292
5.934055
5.980407
6.526103
6.003089
5.785588
4.955423
4.962982
4.925687
5.065768
4.960259
5.199285
5.414123
6.132417
6.040767
6.634402
6.633466
6.281591
6.21595
5.624667
5.501688
5.239529
5.24288
5.612754
5.42778
5.01745
5.336736
5.722169
6.433628
6.141219
6.00108
5.794344
6.349206
6.638891
6.787254
6.413051
6.53214
6.680517
6.361508
5.328427
5.736777
6.188522
7.300696
7.455135
7.387591
8.552777
8.291265
8.346734
6.692947
5.759592
5.981815
5.660954
6.778326
6.525948
6.204291
6.427072
6.879452
10.031772
10.289663
10.239892
9.371546
10.136766
11.222006
10.833371
9.404727
9.430993
10.528688
11.017973
9.341314
7.879085
7.119138
8.268801
8.026084
8.631727
7.852772
7.350138
7.698199
8.466062
9.335698
7.429865
6.954614
5.743976
6.487494
5.734538
6.059135
6.91986
7.649436
8.364124
8.08238
7.448811
8.344746
8.248739
8.658729
7.907676
8.00251
7.842289
7.23894
6.563465
6.593595
6.759283
7.756884
7.920973
8.058056
6.965589
6.308992
6.036241
6.902518
7.212277
7.445726
7.237556
7.751261
7.999407
7.460534
6.771555
5.713458
6.295952
6.530839
6.80491
5.956052
5.710728
6.030725
6.220135
5.585383
5.390135
5.848637
6.470305
5.642973
5.394997
5.7139
6.458613
6.448661
5.47363
5.50416
5.598974
5.904524
6.45897
6.451021
6.610378
6.820242
6.744227
6.336253
5.622047
5.784395
5.706488
5.589853
5.241128
6.100654
6.275665
7.316132
6.508865
6.321397
5.572839
5.396178
5.531458
5.39108
5.44264
5.40858
5.291562
6.526521
7.015715
7.498589
7.15566
7.271802
7.141146
6.79282
6.250195
6.486641
6.21799
6.383967
6.547919
7.471587
7.989597
8.8505
7.837841
7.974258
7.439063
8.55417
8.734419
9.124213
8.379853
8.245
8.084513
8.159127
8.427039
6.928394
6.743018
6.160888
8.078178
8.542712
8.112602
8.175716
10.097195
11.359216
11.529862
9.527483
8.79203
7.747852
7.447736
7.640781
8.646143
9.479972
9.752406
9.362044
9.675025
8.176238
6.900699
6.01609
7.053929
8.529624
7.510332
7.065705
8.044394
9.914879
10.999585
9.24829
9.319855
7.778255
8.086769
6.896015
6.527925
5.776917
5.865388
6.946757
7.217198
7.338344
7.144801
6.59867
6.245446
5.917852
6.146103
5.90028
5.887768
5.762696
5.148148
4.717664
5.005557
5.910153
5.558596
5.563993
5.857444
6.468319
6.2359
5.633649
5.830393
5.935492
6.69207
7.400065
7.648284
6.814896
5.301418
5.112581
5.422078
6.463843
6.069432
6.261683
6.517641
6.580175
6.501264
6.759279
6.758817
7.066314
6.498072
6.501354
6.407361
5.96815
6.270698
6.245203
6.173766
6.2556
6.45801
6.370794
5.517598
5.050991
5.225984
5.652768
5.434733
5.948255
5.937191
5.759468
5.522293
5.687392
6.17428
5.665718
5.740988
5.708409
5.523242
5.135428
4.946368
5.451072
5.302267
5.275523
5.161835
5.240772
5.656483
5.333202
5.015799
4.404187
5.108542
4.840986
5.002655
4.992117
5.520423
5.807331
5.895795
6.276987
5.970544
6.226542
6.168032
6.531088
6.192309
5.899504
5.869949
6.724968
7.52721
8.448328
7.814321
7.907912
7.410083
7.42084
7.01669
7.696798
7.182157
6.041153
4.278526
5.097042
5.762629
6.939242
7.56336
7.285434
7.178499
6.496384
7.075441
7.182299
7.37511
7.443564
7.705253
6.950583
6.510273
7.141657
7.605031
7.600215
7.31737
7.358799
7.953094
8.228837
8.643024
8.180394
6.602217
7.679382
6.666248
8.155395
7.302395
8.110296
9.185365
9.698407
10.376011
8.615186
7.872419
7.281262
7.788943
7.691464
7.164276
6.067409
5.571881
5.533834
5.300875
4.926912
4.847587
4.391619
4.517782
4.315664
4.899462
4.977175
4.633151
4.399415
4.664899
5.120486
5.443856
5.738621
6.136823
6.146869
6.20755
5.78673
6.182337
6.188347
7.029979
7.291163
7.088818
6.404179
6.098021
6.178121
5.930764
6.002865
5.996959
6.549417
6.222318
5.922843
6.018385
6.903627
6.690456
6.270902
5.080236
5.446859
5.245304
5.594491
5.61621
5.507118
5.460136
5.287919
5.153231
4.687207
4.301117
4.099168
4.194306
4.957059
5.339732
5.659842
5.089082
5.052156
4.385558
4.43644
5.562667
5.71363
5.363189
4.067416
4.305632
4.570769
4.926871
4.728603
5.13304
5.177818
5.544471
4.928069
4.755413
4.513936
4.923035
4.905335
5.04806
5.342919
5.706186
5.657346
5.673266
5.528587
5.555232
5.379949
5.562045
5.630616
6.319172
6.493561
6.960242
5.844495
6.0716
5.809501
6.534244
6.059037
6.258526
6.337183
7.458066
7.821475
7.370432
6.21072
6.473389
7.391226
8.280763
8.253675
8.354341
8.57871
8.274565
8.44195
8.932839
9.126884
7.735631
6.857969
7.597743
8.486087
8.378628
6.807824
7.200304
8.224568
9.104507
8.201497
7.25773
6.946122
7.930849
9.616198
11.008148
11.77029
10.591215
9.459845
8.977622
8.760167
10.246954
9.965395
9.86424
9.462159
9.937044
10.207219
9.352295
7.938753
7.579702
7.418166
7.400467
7.010824
5.990425
5.715091
5.360774
5.329947
5.080306
5.152513
5.082518
5.177457
4.589921
4.643241
4.458159
4.628549
4.791661
4.903615
5.654435
5.756271
5.34218
4.94825
4.65946
5.282971
4.850248
5.501244
5.111319
5.849098
5.541601
6.392311
6.241423
6.731461
6.210287
5.727553
5.526836
6.315363
7.259245
7.055493
6.359413
5.773585
5.671113
5.422879
5.363994
5.49302
5.542531
5.386789
5.086764
4.880992
5.217474
5.164415
5.684683
5.464823
5.613766
5.121382
4.570883
4.602018
4.372892
4.255156
4.217225
4.287507
4.950299
5.113649
5.66913
5.641078
5.207379
5.315779
4.708347
5.049094
4.684932
5.175572
5.004449
4.880745
4.794097
4.614289
4.212995
4.140771
4.579309
4.627971
4.290958
4.374489
5.232762
5.631914
5.819709
5.194612
5.112402
5.027064
5.369769
5.573849
5.538231
6.054565
6.463728
7.135899
6.853117
6.416397
6.23831
6.429533
6.23141
6.391579
6.47917
6.732679
6.837042
6.932428
7.529938
8.022825
7.467383
5.921988
5.773584
6.418322
8.329976
7.32476
6.431491
5.448111
6.000209
8.23423
7.582337
6.692952
5.566664
7.248883
8.94503
10.537583
8.975268
8.950787
7.647722
8.61071
8.611542
9.287777
8.964455
9.806596
9.041289
10.796676
10.044794
10.569645
8.874375
8.28575
9.03016
9.546864
9.854746
9.071535
7.522937
7.17019
6.661461
7.103269
6.820283
6.689826
6.693804
6.363693
6.012553
5.165993
5.123469
4.689203
4.941148
4.257518
4.089674
4.009131
4.238764
4.909315
5.114922
5.508498
5.423283
5.567435
5.099374
5.009271
5.426209
5.944827
6.188526
5.855372
5.792427
5.583838
5.970474
6.183049
6.375183
5.574805
5.851659
6.246602
6.458612
6.190515
5.66986
5.545505
5.238123
4.907609
4.858619
5.637721
6.137423
6.233162
5.885371
5.862056
6.302538
5.947456
6.02012
5.563954
5.724285
5.302136
5.34354
4.991059
4.999178
4.689068
4.980494
5.210837
6.29314
5.868479
5.817283
5.253928
5.293932
5.250199
4.660262
4.766712
4.636734
4.535098
4.122452
3.770552
3.868267
4.286362
4.392978
4.73164
4.373771
4.450561
4.502787
4.934466
4.934091
4.61585
4.731959
5.252519
5.932425
5.605665
5.40647
5.411731
5.620832
5.652775
5.70332
6.116101
6.716611
6.822772
6.929336
6.063316
6.022134
6.337762
7.019596
6.762679
6.793645
6.313228
6.685868
6.950977
7.053431
8.238082
6.71974
5.681093
5.22458
5.610094
6.671495
5.278673
6.359806
6.290833
7.141967
6.135592
6.340024
6.560314
7.165908
7.529253
5.807774
7.24574
6.400741
8.485014
7.56341
8.809602
8.147717
8.796521
8.288859
8.820064
8.274529
6.677782
5.256376
4.166658
6.246045
7.550782
8.074668
8.513655
7.057373
7.196533
5.79955
6.543449
5.916747
6.776462
6.278817
6.636849
6.280856
7.412338
8.700591
8.60005
7.419602
6.330411
6.48074
6.696108
6.348971
6.130851
6.423021
6.875963
6.795961
8.062064
8.108168
8.215404
6.799454
7.136057
6.572688
6.246189
5.76499
6.632603
6.865832
6.498825
5.833402
5.944854
5.771678
5.474894
5.857506
6.042393
6.117632
6.06057
6.133552
5.889771
5.517725
5.450016
5.710784
5.343706
5.392555
4.910625
4.855302
5.332336
6.385891
6.682191
6.523724
6.084306
5.919008
6.175135
5.928014
6.344842
5.633465
6.519943
5.822571
5.701896
4.505717
4.535847
4.80912
5.941281
6.159337
6.282209
5.711336
5.583424
5.336238
5.151199
5.621635
5.770283
5.941086
5.653571
5.550794
5.890726
6.491164
6.384457
6.271802
5.678618
6.031343
6.13241
6.11766
5.923762
5.778247
6.559685
5.80044
5.617546
4.708982
6.113987
6.442381
6.954453
6.277112
6.661155
6.588943
6.965577
6.450165
6.995216
7.781609
7.559951
7.796616
7.590719
7.670129
7.777478
7.004464
6.912665
5.716933
7.76259
8.795132
9.720508
9.300944
8.84052
8.783596
7.593927
6.228331
6.531151
5.893307
7.664537
9.215541
10.419457
8.837143
7.46145
6.431769
8.26389
7.609517
8.793127
8.048838
8.894444
8.749001
9.689384
9.690861
9.346249
8.420917
6.946957
5.249035
4.575223
5.772286
6.767346
6.630165
6.115733
7.428773
7.9375
8.917443
7.686899
7.409319
7.127789
7.193245
7.066093
6.301967
6.473077
6.798658
7.147212
8.528735
8.34863
8.836714
7.892257
7.609422
7.054431
7.339565
7.543422
7.846026
7.653398
7.566858
7.992979
7.643814
7.603621
6.693396
7.109997
7.443281
7.150054
6.759379
5.49479
6.30683
6.352114
7.571599
7.442135
7.465353
6.501973
5.24159
4.889403
5.268324
5.14833
4.979456
4.85492
5.810639
5.850285
5.873179
5.549416
6.180099
6.065384
6.129757
6.341317
6.302216
5.701502
5.107856
5.66752
5.929556
5.763838
5.151598
5.692597
6.250757
7.201193
7.257779
7.225311
6.535384
6.306822
5.653885
6.269783
6.454317
7.148993
6.674816
6.386952
6.624162
7.213984
7.298088
7.137099
6.425202
6.662591
6.199582
6.279732
6.204367
6.130048
6.317398
7.154225
7.546764
8.213996
8.745355
8.934291
8.498215
7.266866
7.246033
7.413624
7.45849
7.844153
7.992297
8.477552
8.322332
8.983868
9.147479
9.798112
9.01388
9.002744
8.52873
7.609328
7.342053
7.361881
8.605099
8.73912
8.396767
8.620707
9.921799
11.682643
12.032861
11.59524
11.160617
10.32652
10.041179
8.031062
7.519229
7.421027
8.241652
9.325421
7.910761
7.734455
6.883872
8.070314
8.598645
8.633013
8.962511
7.994551
7.997814
6.994368
7.381946
7.097299
6.576068
6.027605
5.477349
5.257911
4.916073
4.428295
4.378887
4.040271
4.483269
4.643208
4.723474
4.520661
4.297543
4.641218
4.361273
4.395024
4.387141
5.31352
6.017868
6.25802
6.523666
5.838365
5.675109
5.627215
5.893254
5.825125
5.557877
5.654516
5.721031
5.412559
5.640318
5.633333
6.366126
5.968951
5.843007
5.697608
6.317855
6.824933
6.345143
5.644895
4.714003
5.228003
5.355417
6.931521
7.01015
7.412932
6.45656
5.621415
4.923171
4.359983
4.666463
4.351102
4.163129
3.807816
4.125803
4.484594
4.913774
5.335619
5.5136
5.142872
4.73096
4.510459
4.651741
4.941807
4.982288
4.893384
4.575483
4.489097
4.842344
4.736711
4.758403
4.307488
4.20318
4.077308
4.133647
4.580873
4.63414
5.792651
5.689807
5.480922
4.110579
3.960166
4.374579
4.722045
4.988422
5.092345
5.913041
6.195877
6.394955
6.249615
6.293648
6.467823
6.947499
7.276203
7.130644
7.127505
7.357424
7.576592
7.065098
5.771233
4.842384
3.910465
5.099769
5.134491
6.310798
6.902215
7.418102
7.556064
7.340457
7.653243
8.17955
8.498057
8.740792
8.778018
8.308984
9.273162
8.86199
9.396337
9.167759
9.418391
8.963
9.211284
8.916655
10.059046
8.477018
9.087195
6.930853
7.930843
6.620947
8.416188
8.690188
9.924812
9.762223
8.680452
8.406613
7.901227
8.359445
7.528472
7.457106
7.196226
6.928523
6.514303
6.412742
5.870302
5.380119
4.608989
4.532401
4.253747
4.36931
4.479188
4.434084
4.503072
4.622449
4.861466
5.191593
4.999511
5.040768
5.092773
4.952198
5.062884
5.308082
5.988027
5.962766
6.066476
6.076204
6.156049
5.884622
5.751722
5.699436
6.13594
5.93979
5.718325
5.295903
5.460222
6.065816
6.447845
6.520469
6.079961
5.817541
5.968987
5.717356
5.323409
4.851949
5.427131
5.607444
5.78393
5.456254
5.263275
5.241585
4.290611
4.261844
3.687817
4.558191
4.506985
4.775075
5.065223
5.37635
6.020489
6.173389
6.054178
5.088959
4.427855
4.488919
4.827808
5.026637
5.068369
5.021755
5.103027
5.695766
5.402262
5.311907
4.255937
4.01938
3.793589
4.696146
5.656559
5.688358
5.752707
5.39772
5.314973
5.993249
6.084809
6.374289
5.48075
5.482416
5.579304
6.524493
7.165684
7.272114
6.874844
6.550832
6.660173
6.646597
6.845178
6.809473
6.536751
6.880814
6.613652
7.028575
7.217747
7.294578
7.088635
7.218085
6.366251
7.076822
6.875388
7.996626
7.471576
8.120644
8.334731
8.308493
9.689388
10.238422
9.818493
9.577952
8.5098
8.664518
7.205668
6.966356
11.152374
11.315624
11.196009
6.790911
8.298292
8.626915
10.779878
9.060815
8.33009
5.669101
6.60787
6.649431
7.684655
8.055585
8.691479
9.231712
10.070295
9.580242
9.067813
8.07553
7.495882
6.526873
6.115906
6.671309
6.025649
5.433623
4.596709
4.641566
4.371946
4.279978
3.810249
4.03357
3.971791
4.455597
4.393433
4.664632
4.6472
4.910943
4.719783
5.312757
5.87474
6.560253
6.126698
5.830801
5.821552
6.393095
6.650546
6.330388
6.369146
6.725794
6.481603
5.975935
5.499557
5.506562
5.634079
5.820894
6.117041
5.956561
5.985968
5.399837
5.08344
5.20706
5.659601
6.231803
6.624478
6.660933
6.621963
5.901553
5.61062
4.910561
4.767458
4.926436
5.040192
5.25712
5.250241
5.390919
5.670129
5.645777
5.970009
5.777315
5.493691
5.228356
5.646362
5.818581
5.255438
4.804564
4.63243
4.557267
4.380369
4.371964
4.781762
4.644971
4.660465
4.536687
5.063763
5.185365
5.327877
5.535216
5.247909
5.066299
4.978605
5.467605
5.770035
5.663591
5.535658
5.227577
5.573716
5.493996
5.930588
5.746896
5.763713
5.565422
5.492562
6.095641
6.023585
6.302261
6.304714
6.757939
7.103292
7.164121
7.179807
6.830447
5.96664
4.960379
4.844128
5.154591
6.389908
7.206695
7.712313
8.28407
7.187407
6.65437
5.533833
6.771241
8.479807
9.158854
9.105599
7.756751
7.106547
6.643316
7.487011
8.161578
8.417809
8.314761
8.148598
7.232769
7.577964
9.407423
10.54188
11.076272
9.63492
9.192272
7.972194
8.104632
7.965038
8.164914
6.731453
6.961938
6.708946
8.18026
8.065601
8.271944
7.637736
7.342125
6.44301
5.868089
5.156764
5.225093
5.018585
4.679641
4.230197
3.968472
4.040952
4.439609
4.778293
5.312418
4.844834
4.678038
4.580383
4.965835
5.049368
4.87863
4.879409
4.976112
5.389559
5.690832
6.362419
6.144565
6.594316
6.498862
6.919958
6.543533
6.465253
5.682072
5.454781
5.100509
5.422223
5.707544
5.624259
5.560145
5.596944
5.669259
5.439509
5.188422
5.17742
5.400933
4.963834
4.998427
4.923902
4.923232
5.21291
5.364032
5.487292
4.999807
5.070597
4.495449
4.1963
4.193658
4.700073
4.911518
4.930956
5.440937
5.593248
5.208462
4.745148
4.630387
4.466577
4.441566
4.334506
4.58169
4.57164
4.666117
4.92272
5.066897
4.904675
3.925826
3.393307
3.309577
6.356465
7.023212
7.018442
5.61634
5.156241
4.928932
4.672393
5.434167
6.200527
5.962256
6.149541
6.204027
6.554817
6.472858
6.179691
6.094786
6.393727
6.425475
6.610375
6.410999
6.93941
6.277543
6.218917
5.781267
6.591844
6.35753
6.285992
5.572303
5.602476
6.531735
7.10566
7.501024
6.241105
6.921471
7.142249
8.244992
8.011745
8.126513
8.555084
9.77536
10.182829
9.388465
8.137495
8.486371
9.473953
9.334663
8.658849
9.305018
9.916643
9.425929
9.325243
9.053929
9.681068
9.074444
8.330409
7.97719
7.932127
9.005389
8.143754
8.762628
6.618539
6.461509
5.714224
7.193944
7.528645
7.369677
7.26752
6.383758
6.112591
5.638213
5.026093
4.492876
4.291631
4.762852
4.661427
5.005156
4.932129
4.789594
4.425892
4.692422
4.993001
5.155737
4.790472
4.820611
4.887899
6.136095
6.577509
6.701442
6.100649
5.419519
5.35615
5.027637
5.800879
6.052708
6.183941
5.56415
5.543487
5.521604
6.25232
5.886765
5.627137
4.899312
5.375303
6.063156
6.456462
6.244191
5.92785
5.668762
5.583374
5.689421
5.773232
5.841064
5.038387
4.635321
4.034491
4.463912
4.325478
4.596593
4.422759
4.783012
5.004687
5.282779
5.090376
5.401554
5.476646
5.839128
5.251024
4.913275
4.680616
5.514131
5.578817
5.29982
5.263809
5.996855
5.728704
5.230387
4.829648
4.355877
4.023233
3.78639
4.156579
4.726422
4.688816
5.125492
5.15976
5.400324
5.300866
5.143355
5.328509
5.645199
5.769621
6.164814
6.064798
6.25944
6.407376
6.967842
7.128141
6.813142
6.345917
6.448147
6.945611
7.107657
6.659115
6.151576
6.765341
6.670006
7.767576
7.795105
8.68094
7.167489
6.263212
6.537302
8.415311
8.712951
8.376121
7.898315
8.098887
6.899164
6.948255
8.532073
9.521416
10.205499
8.334447
7.32135
7.069808
8.104942
6.990325
6.364101
8.222929
10.358172
10.844806
10.378993
9.877803
9.432694
8.795508
9.232412
9.450801
8.192852
7.593701
5.733863
5.671554
4.334947
4.236772
4.545076
5.453458
6.696135
7.068836
7.603996
7.90204
8.346572
7.940025
7.086127
6.040671
5.81682
5.533577
6.215992
5.960776
5.99954
6.246444
6.360316
6.813282
7.059273
7.854588
7.05139
6.334545
6.045654
6.401662
6.787801
6.618445
6.622431
7.03519
6.991361
7.074036
6.274409
6.45307
6.146406
6.70064
6.50014
6.498848
6.033254
5.836755
5.285589
5.226458
5.702773
6.098983
5.660008
5.425038
5.172241
5.00317
5.021315
5.647154
6.505213
6.172821
5.865104
5.566658
5.835664
5.895551
5.92858
6.00801
6.165453
6.321496
6.270915
6.210353
6.218201
5.919801
5.455483
4.918128
5.246064
5.373147
6.115176
5.81449
6.021365
5.710634
5.991958
5.761532
6.045942
5.490996
5.705495
5.499643
5.935855
5.27558
5.545832
6.265091
6.560005
6.304397
6.160041
6.072599
7.235388
7.222485
7.3038
6.547402
6.501703
6.560445
6.561249
7.007906
6.740406
6.732981
7.195002
7.953
7.779034
7.890274
8.521171
7.982862
7.687197
7.343896
7.359006
6.020405
6.351176
5.778699
7.193443
6.866367
8.29443
7.913021
8.871836
8.332221
8.6557
8.076953
8.512331
8.588824
8.538803
8.537065
7.089061
7.901466
8.267653
9.32743
8.324217
7.568223
7.697682
8.850552
8.547082
8.099899
6.774377
7.904122
7.896454
8.162479
6.866113
5.008749
5.216771
5.89491
8.550143
8.947575
9.128125
7.76898
7.080123
7.751671
8.694749
8.438839
7.035168
5.840446
6.853494
7.466765
8.500899
7.079793
7.047038
6.335189
7.012798
6.187436
6.552754
6.66448
7.625669
7.20801
7.322058
6.629879
6.562198
5.923388
6.474426
6.615401
6.225104
5.59356
5.889365
6.803
7.548838
6.69279
6.771504
6.107645
6.268155
6.613743
6.541134
6.230437
5.228024
5.352122
5.327865
5.720317
6.191008
6.099118
5.593055
5.452659
6.415969
6.211658
5.592553
5.080768
5.938501
6.565009
6.358106
6.215361
5.898742
6.131386
6.252374
6.795343
6.776726
6.14434
5.78536
5.688751
5.980571
6.005605
5.601185
5.001902
4.88409
5.904266
6.655503
6.638138
7.163983
7.077671
7.37956
6.342629
6.704319
6.755352
7.381108
7.073076
6.436718
6.017263
5.814985
5.84643
7.001921
7.897887
8.775458
8.255418
8.019291
7.742555
7.76059
8.227163
8.631129
8.381209
7.91461
7.272946
6.128194
6.226888
7.398062
8.667524
9.016548
7.431992
6.790592
6.535896
7.791834
10.226292
9.151847
10.15132
10.252015
12.368495
10.6487
7.490013
6.387229
6.335911
8.648539
8.52137
8.556091
8.783411
9.453313
10.363112
9.961514
9.631597
10.352591
9.912558
10.517785
10.03684
10.122977
10.012337
10.070037
10.286111
9.510341
8.023797
7.874584
7.882483
7.559721
6.885286
6.714005
7.056067
6.842082
6.032569
5.272718
4.617726
4.221224
4.716768
4.78038
4.917173
4.546713
4.440511
4.452873
4.232871
4.516839
5.195432
6.093226
6.18449
6.175535
5.181313
5.21467
5.269232
6.040479
6.111105
6.041891
5.646554
5.522103
5.767543
6.369621
6.461643
6.452777
6.355895
6.473771
6.471847
6.473858
5.784168
5.235932
5.121647
5.080487
5.645599
5.925925
6.566507
6.296976
5.867059
5.746859
5.912025
5.751815
5.697496
5.349994
5.477689
4.913219
4.708485
4.611756
4.678278
4.746845
4.890568
5.202708
5.826875
6.057912
5.83175
5.274569
4.554409
3.882712
4.047881
4.997263
5.548672
5.268628
5.233937
5.355657
5.039343
4.49955
4.272038
4.632619
4.468337
5.143702
5.056168
5.581751
5.05405
5.015759
5.015214
5.428557
6.272038
6.268725
5.894814
5.337216
5.177101
5.437749
6.029126
6.72066
6.887789
6.225617
5.797808
6.6804
7.690426
8.137823
7.487358
7.034344
6.461845
6.654772
6.786676
6.378599
6.072179
6.612748
8.244906
7.72638
8.155935
7.264901
7.336851
6.741706
6.288583
6.78096
7.178947
8.543774
7.54026
7.402782
7.768352
8.636248
9.562449
9.408941
10.465603
9.063231
8.657285
8.084852
7.913908
8.46482
10.307629
11.148274
8.893351
6.319038
6.044085
7.65715
8.040418
8.011269
8.243145
8.920867
9.153884
9.206039
9.273753
8.955801
8.347805
7.281572
6.827861
5.877447
5.325397
6.033737
5.981373
6.052502
5.078331
5.250492
5.012334
5.033343
4.982192
4.736114
4.764618
5.064533
5.707343
5.815443
6.02362
5.707373
5.801043
5.691854
6.064695
5.947354
6.564297
6.401431
6.416763
6.172411
6.155636
5.731472
5.46293
5.583399
6.253626
6.206376
6.179817
5.836072
5.721996
5.495759
5.037636
4.981971
4.953407
5.032976
5.109344
5.315631
5.132144
5.019849
5.11898
5.424837
5.319014
5.464156
5.29221
4.8823
4.231893
3.836434
3.216487
3.834439
4.478661
5.548909
5.319453
5.737505
5.917456
5.809089
5.462732
4.887999
4.494886
3.117381
3.392659
3.721425
4.968072
5.649665
5.629881
5.20992
4.580668
4.749416
4.785365
4.695759
4.841173
4.971807
5.112046
5.422649
5.322652
5.405083
5.33559
6.083246
6.345899
6.1687
6.036545
5.87934
6.597756
6.337253
6.876016
6.381552
7.124695
6.8598
7.1477
6.905344
6.914244
6.458826
6.669477
6.734725
5.765491
4.981393
4.899315
5.993716
7.04543
7.167741
8.045466
7.57185
8.577883
9.03121
9.214425
8.481051
8.801798
8.286805
8.696179
7.585113
8.230644
7.143525
7.214263
8.462454
9.61509
9.690264
7.601544
7.336331
7.911
8.642937
7.684297
7.602356
7.847652
9.448101
9.472105
9.729928
9.048499
9.754151
9.510831
8.122163
6.716997
6.545122
7.19195
7.345604
7.298882
6.683376
5.985503
5.625359
5.771942
5.65806
5.068116
4.830268
4.485294
4.827232
4.531829
4.998753
4.880273
4.905577
5.299354
6.283488
6.412564
5.880924
5.202529
5.234915
5.381409
5.272585
5.574498
5.535261
5.659861
5.387984
4.892304
5.449663
6.193605
6.612905
6.47574
6.284404
7.205017
7.521876
6.653857
5.856777
5.150154
5.183137
5.548251
5.888722
6.157517
5.740979
5.397583
5.29335
5.566125
5.966272
5.701177
5.413856
4.952631
4.675928
4.545898
4.45367
4.359134
4.276364
4.296033
4.951717
5.053209
5.391099
5.171103
5.452349
5.586957
5.658802
5.30646
4.980023
4.409221
4.140055
4.020638
4.529865
5.71006
5.640335
5.192102
4.019377
4.120058
4.309149
4.392219
4.3635
4.571698
4.618929
5.125077
4.918164
5.144876
5.247935
5.509892
5.567823
5.201279
5.426977
5.789918
6.378734
6.872526
7.217022
6.737994
6.716704
7.144427
8.091839
8.159605
8.343449
8.270397
9.242492
8.793718
8.440711
7.863066
7.975536
7.922412
7.317844
6.122694
5.709672
4.946817
6.015158
5.507145
6.758187
7.293052
8.94434
7.510766
8.863481
7.882789
8.689238
6.225217
6.903693
7.428518
8.194128
8.742552
8.562635
10.084561
9.577733
9.68296
9.962171
10.660844
10.076701
8.749802
9.182077
9.312568
9.087581
9.747105
10.451234
10.173527
8.451216
7.85297
7.063026
7.581646
7.172355
7.716236
6.764548
7.269221
6.48741
6.196302
4.735951
4.543345
4.214855
4.475615
4.029503
4.004051
3.777329
4.001654
4.687087
4.926791
5.431183
5.355747
5.924802
6.022798
6.245378
6.409384
6.353844
6.525756
6.506416
6.329734
5.886581
6.107576
6.155537
6.605394
6.098251
6.437917
5.934529
6.254145
6.425315
6.744645
5.950122
5.292206
5.058161
5.221069
5.320432
5.014037
5.398534
5.610143
6.049904
6.020202
6.189852
6.067205
5.840374
5.660972
6.814178
6.035651
5.257334
3.89534
4.644108
4.822967
5.187056
5.594569
5.508925
5.417666
4.571983
4.623538
4.493421
5.006746
4.618766
4.395795
4.422207
5.087045
4.877634
4.632243
4.592624
5.269012
4.732719
4.364765
3.924313
4.20544
4.311636
4.255278
4.829536
5.122908
5.086726
4.843696
4.912441
5.501937
5.633379
5.56798
5.208702
5.731698
6.101757
6.483047
6.211379
6.303744
6.560566
6.584541
6.878205
7.711598
8.141283
8.414381
7.509166
7.201796
7.204233
7.255526
6.92444
6.154324
6.169426
5.967939
6.286456
6.27409
5.892499
7.167502
8.364361
8.063086
7.566593
7.426795
7.842489
7.445346
8.0318
13.290863
13.113541
12.320001
9.532416
10.165145
7.291752
4.604201
4.935242
8.143624
14.392495
14.330903
12.97679
8.476391
7.639522
8.012412
8.903878
10.040302
9.045969
6.955678
5.275809
5.137218
5.519188
6.662382
7.354571
7.039672
6.543799
5.852175
5.642256
5.538065
5.116621
4.707475
4.230369
4.379749
4.634023
4.616046
4.637708
4.913307
5.109326
5.286081
4.88053
4.660765
4.323554
5.815448
6.3859
6.514797
5.535535
5.458831
5.727824
6.761509
7.401679
7.163814
6.460188
6.621837
6.948653
6.649352
6.282943
6.200652
6.255591
5.783019
6.242547
5.576487
5.797415
5.370744
6.149398
6.364248
6.147513
5.708845
5.518335
6.145965
6.060292
5.800395
5.273094
5.317503
5.181335
4.991463
5.065396
5.167968
5.209964
5.13537
5.064694
4.995521
5.019265
5.2114
5.135206
5.02827
4.676261
4.822231
4.694185
4.869403
4.778225
4.810351
4.479564
4.896244
4.729054
4.790458
3.891743
4.048554
3.989126
4.500007
5.540732
6.013199
6.010792
5.198186
5.368648
5.851979
5.946424
5.84993
5.865658
5.957093
6.179091
5.654395
5.757346
5.667467
6.090201
6.575087
6.455922
6.293649
6.218873
7.240585
7.08096
6.987568
6.113575
6.453805
6.258312
5.412377
4.656148
4.470701
5.228821
